+------+----------------+----------------+----------------+----------------+----------------+---------+---------+---------+---------+---------+---------+
| 0    | rho=0.5        | rho=0.6        | rho=0.7        | rho=0.8        | rho=0.9        | rho=1.0 | rho=1.1 | rho=1.2 | rho=1.3 | rho=1.4 | rho=1.5 |
+------+----------------+----------------+----------------+----------------+----------------+---------+---------+---------+---------+---------+---------+
| C=10 | 0.958833333333 | 0.958          | 0.958833333333 | 0.960333333333 | 0.960166666667 | 0       | 0       | 0       | 0       | 0       | 0       |
+------+----------------+----------------+----------------+----------------+----------------+---------+---------+---------+---------+---------+---------+
| C=11 | 0.958666666667 | 0.9575         | 0.958666666667 | 0.9615         | 0.958666666667 | 0       | 0       | 0       | 0       | 0       | 0       |
+------+----------------+----------------+----------------+----------------+----------------+---------+---------+---------+---------+---------+---------+
| C=12 | 0.959          | 0.960833333333 | 0.960333333333 | 0.962833333333 | 0.9605         | 0       | 0       | 0       | 0       | 0       | 0       |
+------+----------------+----------------+----------------+----------------+----------------+---------+---------+---------+---------+---------+---------+
| C=13 | 0.956          | 0.959166666667 | 0.9615         | 0.958          | 0.959          | 0       | 0       | 0       | 0       | 0       | 0       |
+------+----------------+----------------+----------------+----------------+----------------+---------+---------+---------+---------+---------+---------+
| C=14 | 0.9605         | 0.959333333333 | 0.9575         | 0.959833333333 | 0.962166666667 | 0       | 0       | 0       | 0       | 0       | 0       |
+------+----------------+----------------+----------------+----------------+----------------+---------+---------+---------+---------+---------+---------+
| C=15 | 0.959333333333 | 0.961166666667 | 0.957833333333 | 0.960166666667 | 0.960833333333 | 0       | 0       | 0       | 0       | 0       | 0       |
+------+----------------+----------------+----------------+----------------+----------------+---------+---------+---------+---------+---------+---------+
| C=16 | 0              | 0              | 0              | 0              | 0              | 0       | 0       | 0       | 0       | 0       | 0       |
+------+----------------+----------------+----------------+----------------+----------------+---------+---------+---------+---------+---------+---------+
| C=17 | 0              | 0              | 0              | 0              | 0              | 0       | 0       | 0       | 0       | 0       | 0       |
+------+----------------+----------------+----------------+----------------+----------------+---------+---------+---------+---------+---------+---------+
| C=18 | 0              | 0              | 0              | 0              | 0              | 0       | 0       | 0       | 0       | 0       | 0       |
+------+----------------+----------------+----------------+----------------+----------------+---------+---------+---------+---------+---------+---------+
| C=19 | 0              | 0              | 0              | 0              | 0              | 0       | 0       | 0       | 0       | 0       | 0       |
+------+----------------+----------------+----------------+----------------+----------------+---------+---------+---------+---------+---------+---------+
| C=20 | 0              | 0              | 0              | 0              | 0              | 0       | 0       | 0       | 0       | 0       | 0       |
+------+----------------+----------------+----------------+----------------+----------------+---------+---------+---------+---------+---------+---------+
---------------
+------+------------------+------------------+------------------+------------------+------------------+---------+---------+---------+---------+---------+---------+
| 0    | rho=0.5          | rho=0.6          | rho=0.7          | rho=0.8          | rho=0.9          | rho=1.0 | rho=1.1 | rho=1.2 | rho=1.3 | rho=1.4 | rho=1.5 |
+------+------------------+------------------+------------------+------------------+------------------+---------+---------+---------+---------+---------+---------+
| C=10 | 0.0106991692305  | 0.0132664991614  | 0.0115241292754  | 0.00815815883368 | 0.00800867585116 | 0       | 0       | 0       | 0       | 0       | 0       |
+------+------------------+------------------+------------------+------------------+------------------+---------+---------+---------+---------+---------+---------+
| C=11 | 0.0102415276638  | 0.0115289490703  | 0.0110252236057  | 0.0082815054992  | 0.0111753697428  | 0       | 0       | 0       | 0       | 0       | 0       |
+------+------------------+------------------+------------------+------------------+------------------+---------+---------+---------+---------+---------+---------+
| C=12 | 0.0124766448481  | 0.0104149998666  | 0.00694422221867 | 0.00843438728592 | 0.00906917857361 | 0       | 0       | 0       | 0       | 0       | 0       |
+------+------------------+------------------+------------------+------------------+------------------+---------+---------+---------+---------+---------+---------+
| C=13 | 0.00994987437107 | 0.0104149998666  | 0.00941187193566 | 0.0104562580942  | 0.0128062484749  | 0       | 0       | 0       | 0       | 0       | 0       |
+------+------------------+------------------+------------------+------------------+------------------+---------+---------+---------+---------+---------+---------+
| C=14 | 0.00745542308212 | 0.0109341463112  | 0.00873212459829 | 0.00870663859107 | 0.0115962158579  | 0       | 0       | 0       | 0       | 0       | 0       |
+------+------------------+------------------+------------------+------------------+------------------+---------+---------+---------+---------+---------+---------+
| C=15 | 0.0101434160365  | 0.00853261715745 | 0.0110063113207  | 0.00995685135416 | 0.00958152156787 | 0       | 0       | 0       | 0       | 0       | 0       |
+------+------------------+------------------+------------------+------------------+------------------+---------+---------+---------+---------+---------+---------+
| C=16 | 0                | 0                | 0                | 0                | 0                | 0       | 0       | 0       | 0       | 0       | 0       |
+------+------------------+------------------+------------------+------------------+------------------+---------+---------+---------+---------+---------+---------+
| C=17 | 0                | 0                | 0                | 0                | 0                | 0       | 0       | 0       | 0       | 0       | 0       |
+------+------------------+------------------+------------------+------------------+------------------+---------+---------+---------+---------+---------+---------+
| C=18 | 0                | 0                | 0                | 0                | 0                | 0       | 0       | 0       | 0       | 0       | 0       |
+------+------------------+------------------+------------------+------------------+------------------+---------+---------+---------+---------+---------+---------+
| C=19 | 0                | 0                | 0                | 0                | 0                | 0       | 0       | 0       | 0       | 0       | 0       |
+------+------------------+------------------+------------------+------------------+------------------+---------+---------+---------+---------+---------+---------+
| C=20 | 0                | 0                | 0                | 0                | 0                | 0       | 0       | 0       | 0       | 0       | 0       |
+------+------------------+------------------+------------------+------------------+------------------+---------+---------+---------+---------+---------+---------+

